24020788
24147524
24122866
24102970
24014737
24081086
24051136
24104256
24086932
24065803
24116939
24045616
24063770
24094153
24142638
24076139
24091650
24094137
23028858
24061816
24123307
24050326
24085901
24157597
24153648
23102241
24160563
24143278
24096172
23075511
24061808
24158321
24093025
24126659
22049207
24059080
24059501
24064017
24045713
24121444
24084263
24048453
23161140
24141720
24129917
24105058
23027649
24051926
18106757
24071544
24131857
24091073
21128537
24062367
21122490
20066185
24083836
14096250
24097209
24094714
24001961
24088110
22124330
